ST	bruce06-BRU1322	bruce08-BRU1134	bruce11-BRU211	bruce12-BRU73	bruce42-BRU424	bruce43-BRU379	bruce45-BRU233	bruce55-BRU2066	bruce18-BRU339	bruce19-BRU324	bruce21-BRU329	bruce04-BRU1543	bruce07-BRU1250	bruce09-BRU588	bruce16-BRU548	bruce30-BRU1505
1	2	5	6	12	3	2	5	3	7	21	9	6	4	6	5	3
2	2	5	6	12	3	2	5	3	7	21	9	5	4	6	6	3
3	3	5	6	13	3	2	5	4	7	21	9	7	5	5	3	3
4	3	5	6	13	3	2	5	4	7	21	9	5	5	6	3	3
5	3	5	6	13	3	2	5	4	7	21	9	6	5	5	3	3
6	2	5	8	7	3	2	5	1	4	22	9	5	5	3	7	5
7	2	5	8	7	3	2	5	1	4	22	9	7	5	3	5	5
8	2	5	8	7	3	2	5	1	4	22	9	7	5	3	7	5
9	3	5	6	13	3	2	5	4	7	21	9	5	5	7	3	3
10	3	5	6	13	3	2	5	4	7	21	9	5	5	4	3	3
11	3	5	3	13	3	2	5	4	7	21	9	5	4	3	3	3
12	2	5	6	12	3	2	5	3	7	21	9	6	4	5	5	3
13	3	5	6	13	3	2	5	4	7	21	9	5	4	5	3	3
14	3	5	6	13	3	2	5	4	7	21	9	5	4	5	4	3
15	3	5	6	13	3	2	5	4	7	21	9	5	4	6	3	3
16	3	5	6	13	3	2	5	4	7	21	9	5	4	7	3	3
17	3	5	6	13	3	2	5	4	7	21	9	5	5	7	4	3
18	3	5	6	13	3	2	5	4	7	21	9	5	6	6	3	3
19	3	5	6	13	3	2	5	4	7	21	9	5	6	7	3	3
20	3	5	6	13	3	2	5	4	7	21	9	5	5	9	3	3
21	3	5	6	13	3	2	5	4	7	21	9	5	6	4	3	3
22	3	5	6	13	3	2	5	4	7	21	9	5	6	8	3	3
23	3	5	6	13	3	2	5	4	7	21	9	5	5	8	3	3
24	3	5	6	13	3	2	5	4	7	21	9	6	5	6	3	3
25	3	5	6	13	3	2	5	4	7	21	9	2	5	5	3	3
26	2	5	8	7	3	2	5	1	4	22	9	5	6	3	7	5
27	3	5	6	13	3	2	5	2	7	21	9	4	5	6	3	3
28	2	5	8	7	3	2	5	1	4	22	9	5	6	3	7	4
29	3	5	6	13	3	2	5	4	7	21	9	6	6	5	3	3
30	2	5	8	7	2	2	5	1	4	22	9	7	4	3	7	6
31	3	5	15	12	3	2	5	7	7	22	9	4	4	6	6	6
32	2	5	8	7	3	2	5	1	4	22	9	7	8	3	5	6
33	2	5	8	7	3	2	5	1	4	22	9	4	6	3	6	5
34	2	5	8	13	2	2	4	2	6	6	9	8	6	8	8	3
35	2	5	8	7	3	2	5	1	4	22	9	4	6	5	5	4
36	2	5	8	7	3	2	5	1	4	22	9	6	5	3	5	5
37	2	5	8	7	3	2	5	1	4	22	9	5	6	3	8	6
38	2	5	8	7	3	2	5	1	4	22	9	4	8	3	5	4
39	2	5	8	7	3	2	5	1	4	22	9	4	4	3	5	5
40	2	5	8	13	2	2	4	2	6	6	9	9	5	8	15	3
41	2	5	8	7	3	2	5	1	4	22	9	8	6	3	4	5
42	2	5	8	7	3	2	5	1	4	22	9	6	5	3	7	4
43	2	5	8	7	3	2	5	1	4	22	9	4	6	3	7	4
44	2	5	8	13	1	2	4	2	6	6	9	12	8	7	12	3
45	3	5	6	13	3	2	5	4	7	22	9	6	6	4	3	3
47	2	5	8	7	3	2	5	1	4	22	9	6	7	3	7	4
48	2	5	8	7	3	2	5	1	4	22	9	6	6	3	6	4
49	2	5	8	7	3	2	5	1	4	22	9	5	5	3	7	6
50	2	5	6	12	3	2	5	3	7	21	9	5	5	7	5	3
51	3	5	6	13	3	2	5	4	6	21	9	5	5	5	3	3
52	2	5	8	7	3	2	5	1	4	22	9	6	5	3	9	5
53	2	5	8	13	2	2	4	2	6	6	9	8	7	8	14	3
54	2	5	6	12	3	2	5	3	7	21	9	6	4	7	5	3
55	2	5	8	7	3	2	5	1	4	22	9	7	5	3	4	5
56	2	5	8	7	3	2	5	1	4	22	9	5	5	3	7	4
57	2	5	8	7	3	2	5	1	4	22	9	7	6	3	7	5
58	2	5	8	7	3	2	5	1	4	22	9	6	5	3	8	6
59	2	5	8	7	3	2	5	1	4	22	9	5	6	3	7	6
60	2	5	8	7	3	2	5	1	4	22	9	3	6	3	7	6
61	2	5	8	7	3	2	5	1	4	22	9	5	6	3	5	5
62	2	5	8	7	3	2	5	1	4	22	9	4	5	3	8	5
63	2	5	8	7	3	2	5	1	4	22	9	6	6	3	12	5
64	2	5	8	7	2	2	5	1	4	22	9	7	5	3	7	6
65	2	5	8	7	3	2	5	1	4	22	9	7	7	3	4	5
66	3	5	15	12	3	2	5	7	7	22	9	4	4	6	4	6
67	3	5	15	12	3	2	5	7	7	22	9	4	4	6	7	4
68	3	5	15	12	3	2	5	7	7	22	9	4	4	5	5	4
69	2	5	8	7	3	2	5	1	4	22	9	6	6	3	8	6
70	2	5	8	7	3	2	5	1	4	22	9	5	5	3	6	5
71	3	5	15	12	3	2	5	7	7	22	9	5	4	6	5	4
72	2	5	8	13	2	2	4	2	6	6	9	8	8	8	15	3
73	2	5	8	7	3	2	5	1	4	22	9	5	5	3	7	6
74	2	5	8	7	3	2	5	1	4	22	9	8	6	3	3	4
75	3	5	6	13	3	2	5	4	7	21	9	7	5	6	3	3
76	2	5	8	7	3	2	5	1	4	22	9	4	5	4	4	4
77	2	5	8	7	3	2	5	1	4	22	9	4	5	3	5	4
79	3	5	15	12	3	2	5	7	7	22	9	4	4	6	4	6
80	3	5	14	12	3	2	5	7	7	22	9	6	4	6	5	4
81	3	5	15	12	3	2	5	7	7	22	9	3	4	5	6	4
82	3	5	12	12	3	2	5	7	7	22	9	5	4	5	6	4
83	2	5	8	7	3	2	5	1	4	22	9	6	5	3	12	6
84	2	5	8	7	3	2	5	1	4	22	9	5	6	3	6	4
85	2	5	8	7	3	2	5	1	4	22	9	9	5	3	5	8
86	3	5	15	12	3	2	5	7	7	22	9	4	4	7	6	6
87	1	5	8	7	3	2	5	1	4	22	9	7	4	3	6	4
88	2	5	8	13	2	2	4	2	6	6	9	8	7	9	14	3
89	2	5	8	7	3	2	5	1	4	22	9	6	5	3	7	5
90	2	5	8	7	3	2	5	1	4	22	9	7	5	3	5	5
91	3	5	15	12	3	2	5	7	7	22	9	4	4	6	7	4
92	2	5	8	13	2	2	4	2	6	6	9	8	8	8	15	3
93	3	5	8	8	2	2	5	3	4	5	9	5	4	8	6	3
94	2	5	8	7	3	2	5	1	4	22	9	7	6	3	4	5
95	2	5	8	7	3	2	5	1	4	22	9	4	6	3	8	4
96	2	5	8	7	3	2	5	1	4	22	9	5	5	3	7	8
97	2	5	8	13	2	2	4	2	6	6	9	8	6	11	14	3
98	2	5	8	13	1	2	4	2	6	6	9	11	10	7	9	3
99	2	5	8	7	3	2	5	1	4	22	9	5	5	3	6	5
100	2	5	8	13	2	2	4	2	6	6	9	9	8	7	15	3
101	2	5	8	7	3	2	5	1	4	22	9	8	7	3	7	5
102	2	5	8	13	2	2	4	2	6	6	9	8	11	10	18	3
103	2	5	8	7	3	2	5	1	4	22	9	5	5	3	6	7
104	2	5	8	13	1	2	4	2	6	6	9	13	8	7	13	3
105	2	5	8	13	1	2	4	2	6	6	9	11	11	7	5	3
106	2	5	8	13	2	2	4	2	6	6	9	9	5	9	16	3
107	2	5	8	7	3	2	5	1	4	22	9	5	6	3	6	5
108	2	5	8	7	3	2	5	1	4	22	9	4	5	3	6	5
109	2	5	8	7	3	2	5	1	4	22	9	4	5	3	4	6
110	2	5	8	13	2	2	4	2	6	6	9	8	6	6	8	3
111	2	5	8	7	3	2	5	1	4	22	9	5	5	3	8	5
112	2	5	8	13	2	2	4	2	6	6	9	9	5	9	16	3
113	2	5	8	13	1	2	4	2	6	6	9	11	10	7	9	3
114	2	5	8	7	3	2	5	1	4	22	9	4	6	3	8	4
115	2	5	8	7	3	2	5	1	4	22	9	5	5	3	6	5
116	2	5	8	7	3	2	5	1	4	22	9	6	6	3	6	4
117	2	5	8	7	3	2	5	1	4	22	9	6	5	3	7	5
118	2	5	8	7	3	2	5	1	4	22	9	4	5	3	5	5
119	2	5	8	13	2	2	4	2	6	6	9	9	5	9	16	3
120	2	5	8	7	3	2	5	1	4	22	9	7	7	3	8	4
121	2	5	8	7	3	2	5	1	4	22	9	6	6	3	4	5
122	2	5	8	13	1	2	4	2	6	6	9	11	11	7	5	3
123	2	5	8	7	3	2	5	1	4	22	9	7	7	3	4	5
124	3	5	6	13	3	2	5	2	7	21	9	4	5	9	3	3
125	2	5	8	13	2	2	4	2	6	6	9	9	8	9	16	3
126	2	5	8	13	1	2	4	2	6	6	9	13	8	7	12	3
127	2	5	8	7	3	2	5	1	4	22	9	6	5	3	6	4
129	2	5	8	7	3	2	5	1	4	22	9	5	6	3	7	6
130	2	5	6	13	3	2	5	3	7	21	9	6	4	7	5	3
131	2	5	8	7	3	2	5	1	4	22	9	5	5	3	8	5
133	2	5	8	7	3	2	5	1	4	22	9	5	5	3	6	5
134	2	5	8	13	2	2	4	2	6	6	9	8	6	7	8	3
135	3	4	2	13	4	2	3	3	5	18	6	2	5	8	3	6
136	4	5	4	12	2	2	3	3	5	21	8	3	5	3	4	5
137	4	5	4	12	2	1	3	3	6	21	8	3	4	3	3	5
138	3	5	4	11	2	2	3	3	8	20	8	6	5	3	11	5
139	4	5	4	12	2	2	3	2	6	21	8	3	4	3	3	5
140	3	5	3	12	2	2	2	3	7	21	8	6	7	3	3	3
141	3	5	3	12	2	2	2	3	7	21	8	6	6	3	3	3
143	3	5	3	12	2	2	3	3	7	21	8	3	6	3	3	3
144	1	5	3	12	2	2	3	2	4	20	8	7	4	3	5	4
145	3	5	2	10	1	1	5	2	3	4	9	6	7	7	6	2
146	2	3	6	10	4	1	5	2	4	19	9	6	6	5	5	3
147	2	4	8	15	6	1	5	2	6	22	9	9	9	18	2	4
148	2	3	4	11	3	1	5	2	4	19	9	7	5	10	4	5
149	2	3	9	11	3	1	5	2	5	18	9	4	5	9	6	3
150	1	2	9	17	1	2	5	5	7	22	9	9	5	3	9	5
151	2	5	8	7	3	2	5	1	4	22	9	6	4	3	5	6
152	2	3	9	11	3	1	5	2	5	20	9	8	6	7	5	3
153	3	5	6	13	3	2	5	4	7	21	9	5	5	5	3	3
154	4	5	4	13	4	3	5	1	6	21	9	3	6	3	6	3
155	2	3	6	10	4	1	5	2	4	19	9	5	5	8	6	3
156	2	3	6	10	4	1	5	2	4	19	9	4	6	7	5	3
157	2	3	6	10	4	1	5	2	4	19	9	6	5	7	4	3
158	2	3	6	10	4	1	5	2	5	19	9	5	6	8	5	3
159	2	3	6	10	4	1	5	2	4	19	9	9	5	7	5	3
160	2	3	6	10	4	1	5	2	4	19	9	7	7	8	5	3
161	2	3	6	10	4	1	5	2	4	19	9	6	6	6	5	3
162	2	3	6	10	4	1	5	2	4	19	9	6	5	7	3	3
163	2	3	6	10	4	1	5	2	4	19	9	4	6	6	4	3
164	2	3	6	10	4	1	5	2	4	19	9	5	5	6	4	3
165	2	3	6	10	4	1	5	2	4	19	9	4	4	8	5	3
166	2	4	8	15	6	1	5	2	6	21	9	12	5	13	2	11
167	2	4	8	15	6	1	5	7	6	21	9	14	4	10	2	7
168	2	4	8	15	6	1	5	2	6	21	9	13	9	17	2	5
169	2	4	8	15	6	1	5	2	7	21	9	14	7	13	2	8
170	2	4	9	15	6	1	5	7	8	21	9	5	12	13	2	9
171	2	4	8	15	5	1	5	2	6	21	9	10	9	8	2	5
172	2	4	8	15	5	1	5	7	7	21	9	18	7	3	2	7
173	2	4	8	15	6	1	5	2	7	21	9	6	6	23	2	12
174	2	4	8	15	6	1	5	2	5	21	9	15	12	5	2	5
175	2	4	8	9	6	1	5	7	7	20	9	19	8	7	2	6
176	2	4	8	15	6	1	5	2	6	21	9	16	7	11	2	6
177	2	4	8	15	6	1	5	2	6	19	9	14	8	10	2	5
178	2	4	8	15	6	1	5	2	5	21	9	16	11	11	2	8
179	2	4	8	15	6	1	5	6	6	21	9	15	9	13	2	7
181	2	5	8	15	5	1	5	7	6	20	9	20	7	15	2	5
182	2	5	8	15	5	1	5	7	6	20	9	22	7	13	2	5
183	2	5	8	15	5	1	5	7	6	20	9	8	7	9	2	5
184	2	4	8	15	6	1	5	6	6	21	9	6	9	16	2	10
185	2	4	8	15	6	1	5	7	6	21	9	4	7	3	2	7
186	2	4	8	15	6	1	5	6	6	21	9	4	6	24	2	6
187	2	4	8	15	6	1	5	6	4	21	9	8	4	8	2	8
188	2	5	8	15	5	1	5	7	5	20	9	4	12	18	2	5
189	2	5	8	9	5	1	5	5	6	19	9	8	5	15	2	6
190	2	5	8	9	5	1	5	4	6	19	9	7	7	11	2	7
191	2	5	8	9	5	1	5	4	6	19	9	20	9	13	2	5
193	2	5	8	9	5	1	5	5	6	19	9	13	5	19	2	6
194	2	5	8	9	5	1	5	5	6	19	9	14	5	18	2	8
195	2	5	8	9	5	1	5	5	6	19	9	14	5	7	2	6
196	2	5	8	9	5	1	5	5	5	19	9	12	9	7	2	7
197	2	5	8	9	5	1	5	5	6	19	9	9	5	14	2	7
198	2	4	8	15	6	1	5	2	6	21	9	7	5	16	2	6
199	2	4	8	15	6	1	5	6	6	21	9	13	13	6	2	11
200	2	4	8	15	4	1	5	6	4	21	9	15	4	7	2	7
201	2	4	8	15	6	1	5	6	6	21	9	12	6	8	2	8
202	2	4	8	15	6	1	5	6	6	21	9	11	12	7	2	10
203	2	4	8	15	5	1	5	2	5	21	9	11	11	14	2	5
204	2	4	8	15	6	1	5	2	6	21	9	9	5	8	2	6
205	2	4	8	15	6	1	5	6	6	21	9	9	10	11	2	9
206	2	4	8	15	5	1	5	2	6	21	9	15	4	17	2	5
207	2	5	8	15	5	1	5	7	6	20	9	15	8	17	2	5
208	2	4	8	15	7	1	5	6	6	21	9	6	4	18	2	5
209	2	4	8	15	6	1	5	6	6	21	9	12	4	14	2	9
210	2	4	8	15	6	1	5	6	6	21	9	9	8	7	2	10
211	2	5	8	15	5	1	5	7	4	21	9	10	5	3	2	8
212	2	3	6	10	4	1	5	2	4	19	9	4	5	5	5	3
213	3	4	2	13	4	2	3	3	7	18	6	2	5	6	8	4
214	2	4	2	12	4	2	3	3	9	18	7	2	4	3	3	5
215	3	4	2	13	4	2	3	3	8	18	6	2	4	6	3	6
216	3	4	3	14	5	2	3	3	6	18	5	2	4	6	5	4
217	1	5	3	13	3	2	3	2	4	20	8	5	5	3	5	4
218	3	4	2	13	4	2	3	3	8	18	6	2	4	7	4	6
219	1	5	3	13	2	3	3	2	4	20	8	4	4	3	4	6
220	1	5	3	13	3	2	2	2	6	5	8	7	4	3	5	6
221	1	5	3	13	3	2	3	2	4	20	8	5	4	8	6	9
222	3	4	2	13	5	2	3	3	9	18	6	2	3	8	9	6
223	3	5	3	13	1	1	3	3	7	21	8	9	5	6	6	3
224	3	5	3	13	1	1	3	3	7	21	8	5	5	12	4	3
225	3	5	3	13	1	1	3	3	7	23	8	7	5	14	7	3
226	3	4	3	13	4	2	3	3	6	18	5	2	5	4	4	6
227	2	5	3	12	3	1	3	2	5	18	9	9	6	7	10	4
228	1	5	3	13	3	2	3	2	5	5	8	4	4	3	4	5
229	3	5	3	13	1	1	3	3	7	21	8	5	5	7	7	3
230	1	5	3	13	3	2	2	2	6	5	8	4	4	3	6	6
231	1	5	3	13	3	2	3	2	4	20	8	4	5	3	6	5
232	1	5	3	13	2	2	3	2	4	20	8	5	7	3	6	5
233	3	5	3	13	1	1	3	3	7	22	8	6	2	9	4	3
234	3	5	3	13	1	1	3	3	5	21	8	6	4	7	3	3
235	3	6	3	14	1	1	3	3	7	22	8	7	4	6	6	3
236	3	6	3	14	1	1	3	3	8	22	8	5	4	8	7	3
237	1	4	3	13	3	2	3	2	4	20	8	5	4	3	4	5
238	1	4	3	13	3	2	3	2	4	20	8	6	4	3	4	5
239	3	6	3	14	1	1	3	3	7	21	8	7	6	8	4	3
240	3	5	3	14	1	1	3	3	7	21	8	7	4	9	8	3
241	1	5	3	13	2	2	3	2	4	20	8	5	7	3	4	5
243	3	5	3	13	1	1	3	3	9	21	8	7	4	3	10	3
244	3	5	3	13	1	1	3	3	7	21	8	9	4	9	6	3
245	3	5	3	13	1	1	3	3	9	21	8	5	5	3	9	3
246	3	5	3	13	1	1	3	3	9	21	8	5	5	3	10	3
247	1	5	3	13	2	2	3	2	4	20	8	5	7	3	5	5
248	3	5	3	13	1	1	3	3	7	22	8	7	2	13	4	3
249	1	5	3	13	3	2	3	2	4	20	8	6	4	6	4	3
250	1	5	3	13	2	2	3	2	4	20	8	4	7	3	4	6
251	3	5	3	13	1	1	3	3	7	22	8	6	2	7	4	3
252	3	5	3	13	1	1	3	3	7	21	8	5	3	7	4	3
253	3	5	3	13	1	1	3	3	7	22	8	8	2	9	4	3
254	3	4	3	13	5	2	3	3	6	18	5	2	4	8	6	5
255	3	5	3	13	1	1	3	3	7	21	8	6	4	9	5	3
256	1	5	3	13	3	2	3	2	5	5	8	3	4	3	5	5
257	3	5	3	13	1	1	3	3	8	22	8	7	2	7	4	3
258	3	5	3	13	1	1	3	3	9	21	8	6	6	3	5	3
259	1	5	3	13	2	2	3	2	4	20	8	5	4	3	6	4
260	3	5	4	12	2	2	3	3	6	21	8	5	6	3	4	4
261	3	5	4	12	2	2	3	3	6	21	8	5	7	3	4	4
262	4	5	4	12	2	2	3	3	6	21	8	4	4	3	3	4
263	4	5	4	12	2	2	3	3	6	21	8	3	4	3	6	5
264	4	5	4	12	2	2	3	3	6	21	8	3	4	3	3	5
265	4	5	4	12	2	2	3	3	4	21	8	4	4	3	3	4
266	4	5	4	12	2	2	3	3	6	21	8	3	5	3	3	5
267	4	5	3	12	2	2	3	1	6	21	8	4	5	4	3	3
268	4	5	3	12	2	2	3	1	6	21	8	4	5	5	4	3
269	4	5	3	12	2	2	3	1	6	21	8	4	5	6	4	3
270	3	5	4	11	2	2	3	3	6	20	8	6	8	3	7	7
271	4	5	3	12	2	2	3	1	6	21	8	4	5	7	3	3
272	4	5	3	12	2	2	3	1	6	22	8	4	5	7	3	3
273	4	5	3	12	2	2	3	1	6	22	8	4	5	5	3	3
274	4	5	3	12	2	2	3	1	6	22	8	3	5	8	3	3
275	4	5	4	12	2	2	3	3	6	22	8	4	7	3	4	5
276	3	5	3	12	2	2	2	3	7	22	8	4	5	3	4	3
277	3	5	3	12	2	2	2	3	7	21	8	4	6	3	3	3
278	4	5	3	12	2	2	3	1	6	21	8	5	6	4	3	3
279	4	5	4	12	2	3	3	3	6	21	8	3	7	3	3	5
280	3	5	2	10	1	1	5	2	3	4	9	9	9	9	14	2
282	3	5	2	10	1	1	5	2	3	4	9	6	12	12	14	2
283	1	5	3	13	3	2	3	2	4	20	8	5	5	3	4	4
284	1	5	3	13	2	2	3	2	4	20	8	7	6	3	5	5
285	1	5	3	13	3	2	3	2	4	20	8	6	4	3	5	4
286	1	5	3	13	2	2	3	2	4	20	8	6	5	3	8	6
287	1	5	3	13	2	2	3	2	4	20	8	5	9	3	6	5
288	1	5	3	13	3	2	3	2	5	18	8	4	4	3	5	6
289	1	5	3	13	2	2	3	2	4	20	8	4	8	3	8	5
290	1	5	3	13	3	2	3	2	4	20	8	3	4	3	5	5
291	1	5	3	13	3	2	3	2	4	20	8	6	5	3	5	5
292	1	5	3	13	3	2	3	2	4	20	8	6	3	3	5	4
293	1	5	3	13	3	2	3	2	5	20	8	5	4	3	4	4
294	1	5	3	14	3	2	3	2	5	18	8	6	4	3	5	6
295	1	5	3	13	3	2	3	2	4	20	8	5	4	3	4	5
297	1	5	3	13	3	1	3	2	4	20	8	4	4	3	5	6
298	1	5	3	13	2	2	3	2	4	20	8	8	4	3	5	7
299	1	5	3	13	3	2	3	2	4	20	8	5	5	3	7	5
300	1	5	3	13	3	2	3	2	4	20	8	4	4	3	6	4
301	1	5	3	13	3	2	3	2	4	20	8	4	4	3	4	4
302	1	5	3	13	3	2	3	2	4	20	8	4	4	3	5	5
303	1	5	3	13	3	2	3	2	4	20	8	7	4	3	7	8
304	1	5	3	13	3	2	3	2	4	20	8	5	4	3	5	4
305	1	5	3	13	3	2	3	2	4	20	8	5	4	7	6	3
306	3	5	3	13	1	1	3	3	8	21	8	5	7	8	5	3
307	3	5	3	13	1	1	3	3	7	21	8	4	5	7	6	3
308	1	5	3	13	2	2	3	2	4	20	8	5	7	3	6	6
309	1	5	3	13	3	2	3	2	4	20	8	6	4	6	5	3
310	3	5	4	11	2	2	3	3	6	20	8	6	4	3	8	4
311	3	5	4	11	2	1	3	3	6	20	8	5	4	3	6	5
312	2	4	8	15	6	1	5	6	7	21	9	13	7	20	2	10
313	1	3	3	13	2	2	3	2	4	20	8	7	5	3	6	7
314	1	5	3	13	3	2	3	2	4	20	8	4	4	3	5	6
315	1	5	2	13	3	2	3	2	4	20	8	5	3	6	5	5
316	1	5	3	13	3	2	3	2	4	20	8	6	4	3	7	5
317	3	4	3	13	5	3	3	3	4	18	5	2	5	3	4	5
318	1	5	3	13	3	3	3	2	4	20	8	5	4	3	7	8
319	1	5	3	13	3	2	3	2	4	20	8	6	4	3	6	4
320	3	5	3	13	3	2	3	3	6	20	8	7	4	5	5	3
321	3	5	3	12	4	2	3	5	7	18	8	5	4	7	6	5
322	3	5	3	12	4	2	3	5	7	18	8	4	4	6	6	5
323	2	5	3	13	4	2	3	4	7	18	8	5	4	8	7	4
324	1	5	3	13	3	2	2	2	6	5	8	4	4	3	6	5
325	1	5	3	13	2	2	3	2	4	20	8	6	9	3	6	5
326	1	5	3	13	2	2	3	2	4	20	8	5	6	3	6	7
327	3	5	3	13	1	1	3	3	7	21	8	8	5	8	4	3
328	1	5	3	13	3	2	3	2	4	20	8	3	5	3	5	5
329	1	5	3	13	3	2	3	2	4	20	8	5	4	3	6	4
330	3	5	3	13	1	1	3	3	7	21	8	5	5	9	7	3
331	1	5	3	13	3	2	3	2	5	18	8	4	4	3	5	4
332	1	5	3	13	2	2	3	2	4	21	8	8	7	3	3	5
333	1	5	3	13	2	2	3	2	4	21	8	7	6	3	4	5
334	1	5	3	13	2	2	3	2	4	21	8	7	7	3	4	5
335	1	5	3	13	3	2	3	2	4	21	8	5	4	3	4	5
336	1	5	3	13	3	2	3	2	4	21	8	5	4	3	6	4
337	1	5	3	13	3	2	3	2	5	5	8	3	4	3	7	5
338	1	5	3	13	3	2	3	2	5	5	8	3	4	3	6	5
339	1	5	3	13	3	2	3	2	4	21	8	2	4	3	4	4
340	1	5	3	13	3	2	3	2	4	20	8	6	4	4	7	3
341	1	5	3	13	3	2	3	2	4	21	8	6	4	4	7	3
342	1	5	3	13	3	2	3	2	4	21	8	8	4	8	7	3
343	1	5	3	13	3	2	3	2	4	21	8	4	4	3	5	4
344	1	5	3	13	3	2	3	2	4	21	8	4	5	3	5	4
345	3	5	3	13	1	1	3	3	7	22	8	5	5	7	7	3
346	1	5	3	13	3	2	3	2	4	21	8	4	5	3	6	4
347	3	6	3	14	1	1	3	3	7	21	8	6	4	7	8	3
348	3	6	3	14	1	1	3	3	7	21	8	6	4	9	10	3
349	3	6	3	14	1	1	3	3	7	21	8	8	7	10	5	3
350	3	5	3	13	1	1	3	3	8	21	8	6	4	10	6	3
351	1	5	3	13	3	2	3	2	4	20	8	5	4	6	9	3
352	1	5	3	13	3	3	3	2	4	20	8	6	4	3	6	4
353	1	5	3	13	3	2	3	2	4	20	8	4	4	3	4	5
354	1	5	3	13	3	2	3	2	4	20	8	6	5	3	5	4
355	1	5	3	13	3	2	3	2	4	20	8	5	4	3	4	4
356	1	5	3	13	3	2	3	2	4	20	8	4	4	6	7	3
357	1	5	3	13	3	2	3	2	4	21	8	7	4	3	5	4
358	1	5	3	13	3	2	3	2	4	21	8	5	5	3	5	4
359	1	5	3	13	2	2	3	2	3	21	8	4	4	3	7	6
360	3	6	3	14	1	1	3	3	7	21	8	6	6	7	5	3
361	1	5	3	13	3	2	3	2	4	21	8	9	4	3	7	6
362	1	5	3	13	3	2	3	2	4	21	8	5	4	5	7	3
363	1	5	3	13	2	2	3	2	4	21	8	5	6	3	7	6
364	3	6	3	14	1	1	3	3	7	22	8	4	6	5	6	3
365	1	5	3	13	3	2	3	2	4	21	8	6	4	3	6	4
366	1	5	3	13	2	2	3	2	4	21	8	5	7	3	6	5
367	1	5	3	13	3	2	3	2	4	21	8	4	4	3	6	4
368	1	5	3	13	3	2	3	2	4	21	8	5	4	3	4	4
369	1	5	3	13	3	2	3	2	5	18	8	4	4	3	6	6
370	1	5	3	13	2	2	3	2	4	20	8	4	4	3	6	5
371	3	5	3	13	1	1	3	3	7	21	8	5	6	7	8	3
372	1	5	3	12	3	2	3	2	5	20	8	7	4	3	7	5
373	1	5	3	13	3	2	3	2	4	20	8	5	4	6	6	3
374	1	5	3	13	3	2	3	2	4	20	8	4	7	3	5	4
375	1	5	3	13	3	2	3	2	4	20	8	6	4	8	6	3
376	1	5	3	13	2	2	3	2	4	20	8	8	7	3	4	5
377	4	5	4	12	2	3	3	3	6	21	8	3	4	3	3	5
378	4	5	4	12	2	2	3	3	6	21	8	3	6	3	3	5
379	4	5	4	12	1	3	3	3	6	21	8	3	4	3	3	5
380	4	5	4	12	2	2	3	1	6	21	8	3	4	3	3	6
381	4	5	4	12	2	2	3	3	6	21	8	5	4	3	6	4
382	4	5	4	12	2	2	3	3	6	21	8	3	5	3	4	6
383	4	5	4	12	1	2	3	3	6	21	6	5	4	3	4	5
384	4	5	3	12	2	2	3	1	7	21	8	4	5	6	4	3
385	4	5	3	12	2	2	3	1	7	21	8	4	6	6	4	3
386	4	5	3	12	2	2	3	1	7	21	8	4	5	7	4	3
387	4	5	3	12	2	2	3	1	6	22	8	5	5	4	3	3
388	2	5	3	12	2	2	3	1	6	22	8	4	9	6	3	3
389	2	3	9	11	3	1	5	2	5	20	9	6	7	8	5	3
390	2	3	9	11	3	1	5	2	6	20	9	7	5	9	7	3
391	2	4	8	15	6	1	5	2	6	21	9	28	9	11	2	5
392	2	5	8	15	5	1	5	7	6	20	9	17	14	11	2	6
393	2	5	8	15	5	1	5	7	5	21	9	6	14	20	2	6
394	2	4	8	15	6	1	5	2	6	21	9	20	13	9	2	5
395	2	5	8	15	5	1	5	7	4	21	9	15	14	13	2	6
396	2	5	8	15	5	1	5	7	4	21	9	14	13	13	2	6
397	2	5	8	15	5	1	5	7	6	20	9	16	11	22	2	6
398	2	4	8	9	6	1	5	2	6	21	9	10	8	13	2	6
399	2	4	8	15	6	1	5	2	6	21	9	23	12	13	2	4
400	2	5	8	15	5	1	5	7	4	21	9	6	14	11	2	6
401	2	5	8	15	5	1	5	7	4	21	9	14	14	13	2	6
402	2	5	8	15	5	1	5	7	6	20	9	18	13	16	2	6
403	2	5	8	9	5	1	5	7	4	21	9	10	7	17	2	8
404	2	5	8	15	5	1	5	7	7	20	9	12	9	10	2	5
405	2	5	8	15	5	1	5	7	4	21	9	6	13	19	2	6
406	2	4	8	15	6	1	5	6	6	21	9	14	6	14	2	7
407	2	5	8	15	5	1	5	7	7	20	9	11	9	11	2	5
408	2	5	8	15	5	1	5	7	4	21	9	6	14	20	2	6
409	2	5	8	15	5	1	5	7	4	21	9	6	14	19	2	6
410	2	5	8	15	5	1	5	7	4	21	9	6	13	20	2	6
411	2	5	8	15	5	1	5	7	5	20	9	7	11	17	2	5
412	2	5	8	15	5	1	5	7	5	20	9	7	12	18	2	5
413	2	5	8	15	5	1	5	7	6	20	9	9	7	8	2	8
414	2	5	8	15	5	1	5	7	4	21	9	6	13	21	2	6
415	2	5	8	15	5	1	5	7	4	21	9	15	13	14	2	6
416	2	5	8	15	5	1	5	7	4	21	9	6	16	20	2	6
417	2	5	8	15	5	1	5	7	4	21	9	5	13	20	2	6
418	2	5	8	15	5	1	5	7	4	21	9	15	12	13	2	6
419	3	5	2	10	1	1	5	2	3	4	9	10	5	12	9	2
420	3	5	2	10	1	1	5	2	3	4	9	6	5	16	10	2
421	3	5	2	10	1	1	5	2	3	4	9	9	5	6	8	2
422	3	5	2	10	1	1	5	2	3	4	9	9	6	12	9	2
423	3	5	2	10	1	1	5	2	3	4	9	6	5	17	10	2
424	3	5	2	10	1	1	5	2	3	4	9	9	5	5	8	2
425	2	3	9	11	3	1	5	2	5	20	9	8	6	10	5	3
426	2	3	9	11	3	1	5	2	5	20	9	7	6	7	7	3
427	2	3	9	11	3	1	5	2	5	20	9	8	6	6	6	3
428	2	3	9	11	3	1	5	2	5	20	9	6	5	14	8	3
429	2	3	9	11	3	1	5	2	5	20	9	7	6	10	7	3
430	2	3	9	10	3	1	5	2	4	20	9	6	6	7	7	3
431	1	2	9	17	1	2	5	6	8	21	9	7	5	9	5	6
432	2	3	9	11	3	1	5	2	4	20	9	5	5	10	10	3
433	2	3	9	11	3	1	5	2	4	20	9	6	9	6	10	3
434	2	3	9	11	3	1	5	2	4	20	9	8	4	5	12	3
435	2	3	9	11	3	1	5	2	4	20	9	6	5	7	9	3
436	2	3	6	10	4	1	5	2	4	19	9	5	6	5	5	3
437	3	5	2	10	1	1	5	2	3	4	9	11	10	10	8	2
438	3	5	2	10	1	1	5	2	3	4	9	11	10	12	8	2
439	3	5	2	10	1	1	5	2	3	4	9	8	7	14	8	2
440	3	5	2	10	1	1	5	2	3	4	9	9	4	7	15	2
441	3	5	2	10	1	1	5	2	3	4	9	9	9	8	7	2
442	3	5	2	10	1	1	5	2	3	4	9	8	6	13	9	2
443	3	5	2	10	1	1	5	2	3	4	7	7	6	10	8	2
444	3	5	2	10	1	1	5	2	3	4	9	10	7	15	9	2
445	2	5	2	10	1	1	5	2	3	4	9	4	6	9	5	2
446	4	5	3	12	2	2	3	1	6	21	8	6	7	6	3	3
447	3	4	2	13	4	2	3	3	8	18	6	2	5	6	3	6
448	3	4	2	13	4	2	3	3	8	18	6	2	4	6	4	6
449	3	4	2	13	4	2	3	3	8	18	6	2	4	5	3	6
450	3	4	2	13	4	2	3	3	8	18	6	2	4	7	3	6
451	3	4	3	13	5	2	3	3	8	18	5	2	5	5	4	5
452	3	4	2	13	4	2	3	3	8	18	6	2	5	5	3	6
453	3	4	2	13	4	2	3	3	9	18	6	2	4	6	3	6
454	3	4	2	13	4	2	3	3	5	18	6	2	6	7	3	6
458	2	5	8	9	5	1	5	4	6	19	9	7	7	12	2	7
459	2	5	8	9	5	1	5	4	6	19	9	2	8	13	2	5
462	2	5	8	9	5	1	5	5	6	19	9	2	5	19	2	6
463	2	5	8	9	5	1	5	5	6	19	9	2	5	18	2	8
464	2	5	8	9	5	1	5	5	6	19	9	2	5	7	2	6
465	2	5	8	9	5	1	5	5	5	19	9	2	5	7	2	7
466	2	5	8	9	5	1	5	5	6	19	9	2	5	13	2	6
467	2	5	8	9	5	1	5	5	6	19	9	2	5	17	2	6
468	2	5	8	9	5	1	5	5	6	19	9	2	5	15	2	6
469	2	5	8	9	5	1	5	5	6	19	9	2	5	9	2	6
470	2	5	8	9	5	1	5	5	5	19	9	4	10	13	2	8
471	2	5	8	9	5	1	5	5	6	19	9	2	6	13	2	7
472	2	5	8	15	5	1	5	7	4	21	9	2	5	3	2	8
473	2	3	6	10	4	1	5	2	4	19	9	2	6	6	5	3
474	2	3	6	10	4	1	5	2	4	19	9	2	8	8	5	3
476	2	3	6	10	4	1	5	2	4	19	9	2	6	5	5	3
477	2	3	6	10	4	1	5	2	4	19	9	2	7	8	5	3
478	2	3	6	10	4	1	5	2	4	19	9	2	8	7	5	3
479	2	3	6	10	4	1	5	2	4	19	9	2	7	7	5	3
480	2	3	6	10	4	1	5	2	4	19	9	7	7	7	5	3
481	2	3	6	10	4	1	5	2	4	19	9	5	7	6	5	3
482	2	3	6	10	4	1	5	2	4	19	9	2	6	9	5	3
483	2	5	8	9	5	1	5	4	6	19	9	2	5	9	2	8
484	2	5	8	9	5	1	5	5	5	19	9	2	7	10	2	7
485	2	5	8	9	5	1	5	4	6	19	9	2	5	17	2	8
486	2	5	8	9	5	1	5	4	6	19	9	2	7	10	2	8
487	2	5	8	9	5	1	5	4	6	19	9	2	8	5	2	7
488	2	5	8	9	5	1	5	5	5	19	9	2	9	11	2	6
489	1	5	3	13	3	2	3	2	4	20	8	4	5	3	4	5
490	1	5	3	13	3	2	3	2	4	25	8	4	4	9	5	6
491	1	5	3	13	3	2	3	2	4	20	8	3	4	3	7	6
492	1	5	3	13	3	2	3	2	4	20	8	5	4	3	5	5
493	1	5	3	13	3	2	3	2	4	20	8	4	4	3	7	4
494	1	5	3	13	3	2	3	2	4	20	8	5	5	9	6	6
495	1	5	3	13	2	2	3	2	4	20	8	2	7	3	6	5
496	1	5	3	13	3	2	3	2	4	20	8	7	4	3	5	4
498	1	5	3	13	3	2	3	2	4	20	8	2	4	3	6	3
499	1	5	3	13	3	2	3	2	4	22	8	10	4	10	4	6
500	1	5	3	13	3	2	3	2	4	25	8	5	4	5	4	5
501	1	5	3	13	3	2	3	2	4	20	8	4	4	3	8	5
502	1	5	3	13	3	2	2	2	4	20	8	4	4	3	5	4
503	1	5	3	13	3	2	3	2	4	20	8	7	5	3	5	4
504	1	5	3	13	3	2	3	2	4	20	8	3	4	3	8	6
505	1	5	3	13	3	2	3	2	4	20	8	4	4	3	11	5
507	1	5	3	13	3	2	3	2	4	20	8	6	4	3	6	5
508	1	5	3	13	3	2	3	2	4	20	8	4	4	3	5	4
509	1	5	3	13	3	2	3	2	4	20	8	6	4	3	7	3
510	1	5	3	13	3	2	3	2	4	20	8	8	3	3	5	4
511	1	4	3	13	3	2	3	2	4	20	8	8	4	3	8	5
512	4	5	12	13	5	2	5	6	9	4	9	8	5	7	13	5
513	4	5	12	13	5	2	5	6	8	4	9	7	6	6	7	5
514	1	5	3	13	3	3	3	2	4	20	8	5	4	3	8	4
515	1	5	3	13	3	2	3	2	5	20	8	5	5	7	5	6
516	1	5	3	13	3	2	3	2	4	20	8	5	5	8	7	9
517	1	5	3	13	3	2	3	2	4	20	8	5	4	3	9	6
518	4	5	12	13	5	2	5	6	8	4	9	7	7	10	7	6
519	4	5	12	13	4	2	5	10	6	4	9	8	7	3	13	4
522	3	4	2	13	5	2	3	3	7	18	6	2	5	7	4	4
523	3	4	2	13	5	2	3	3	7	18	6	2	4	8	4	4
524	3	4	2	13	3	2	3	3	7	18	6	2	5	6	4	4
525	3	4	2	13	5	2	3	3	7	18	6	2	4	8	4	4
526	3	4	2	13	5	2	3	3	7	18	6	2	5	6	4	4
527	3	4	2	13	5	2	3	3	7	18	6	2	5	8	4	4
528	3	4	2	13	5	2	3	3	7	18	6	2	5	8	4	4
529	3	4	2	13	5	2	3	3	7	18	6	2	5	8	4	4
530	3	4	2	13	5	2	3	3	7	18	6	2	5	8	4	4
531	3	4	2	13	3	2	3	3	7	18	6	2	5	6	4	4
532	3	4	2	13	5	2	3	3	7	18	6	2	5	7	4	4
533	3	4	2	13	5	2	3	3	7	18	6	2	4	4	4	4
534	3	4	2	13	5	2	3	3	7	18	6	2	4	8	3	4
535	3	4	2	13	5	2	3	3	7	18	6	2	5	6	3	4
536	3	4	2	13	5	2	3	3	7	18	6	2	5	7	3	4
537	3	4	2	13	5	2	3	3	7	18	6	2	4	8	2	4
538	3	4	2	13	5	2	3	3	7	18	6	2	5	6	3	4
539	3	4	2	13	5	2	3	3	7	18	6	2	4	8	3	4
540	3	4	2	13	3	2	3	3	7	18	6	2	5	6	2	4
541	3	4	2	13	3	2	3	3	7	18	6	2	4	8	3	4
542	3	4	2	13	5	2	3	3	7	18	6	2	4	6	3	4
543	3	4	2	13	5	2	3	3	7	18	6	2	5	6	3	4
544	3	4	2	13	5	2	3	3	7	18	6	2	5	6	2	4
545	3	4	2	13	5	2	3	3	7	18	6	2	5	6	4	4